3734704645 4081344261 116089008
474703780 198917265 194664963
1879970783 393582228 36617128
1197375949 1845422975 8989824
466658346 430199356 8045434
2310800010 2638298964 424967672
919557740 1398638397 135905600
3687134144 3790001806 1934146
3470663058 2339708475 216471086
1759740912 1126580170 64763562
896009775 1048686270 23547965
3348634097 3711378096 32073660
3091810489 2234799361 92321214
889058738 1119629133 6951037
2784472328 3743451756 46550050
2843610278 3063266636 231881310
1532834459 674183164 226906453
3273953517 2183514026 51285335
3075491588 4197433269 16318901
3325238852 3791935952 23395245
3689068290 3665741741 45636355
3384455721 3861402055 22006111
3406461832 3295147946 64201226
1412808810 438244790 32132927
3380707757 2556179561 3747964
3850793653 4001077593 80266668
1450046808 470377717 82787651
669368743 1626190154 219232821
1365871086 1072234235 46937724
3184131703 3969255894 11450375
1824504474 553165368 55466309
1206365773 1854412799 159505313
1055463340 906773661 141912609
3931060321 3359349172 306392569
2756139006 3883408166 28333322
193812194 608631677 65551487
2229584884 4213752170 81215126
3195582078 2559927525 78371439
259363681 1191343732 207294665
2183514026 3815331197 46070858
2735767682 3980706269 20371324
888601564 1119171959 457174
1916587911 901089617 5684044
1922271955 1534543997 91646157
4237452890 3911741488 57514406
2831022378 2327120575 12587900
1444941737 193812194 5105071