2609743610 4133079426 108193613
1608826026 1793129808 148682069
3749483646 1957417643 61460641
3216466252 4241273039 49689894
2717937223 1941811877 15605766
3810944287 1225630249 233181949
2124315534 3020458025 302014415
264620169 272336891 68907407
861861645 2458132363 209077985
4044126236 1458812198 250841060
3134115707 2375781818 82350545
1070939630 4290962933 4004363
2733542989 4089410242 43669184
1074943993 3479498485 533882033
2777212173 2018878284 356903534
2426329949 4013380518 76029724
333527576 0 7716722
3266156146 3346379827 130079823
2526267060 1709653258 83476550
1757508095 3476459650 3038835
0 7716722 264620169
1760546930 861861645 363768604
3396235969 2667210348 353247677
2502359673 3322472440 23907387