583826644 2288418886 120919689
2666741396 3172314277 160907737
416244021 605500997 167582623
779666561 2280573809 7845077
704746333 908146497 74920228
845411123 2565941729 61831565
1527751557 3025978089 146336188
2827649133 2012274036 268299773
259640867 2409338575 156603154
0 2766337222 259640867
787511638 983066725 57899485
907242688 1526828044 485445992
1674087745 237273108 368227889
2180879562 1040966210 485861834
1392688680 773083620 135062877
3095948906 0 237273108
2042315634 2627773294 138563928