3793729374 3825015981 63222599
1438266078 0 258943930
1292079166 1479426911 146186912
2816531945 2822520060 385496901
1078023340 1741334425 98335224
3856951973 3668871521 111838140
4180611137 3904426682 114356159
0 1958275780 804927654
3968790113 3380257222 80572704
843553208 2801828988 20691072
1724422279 286156201 594958638
3616894031 4018782841 39547646
1697210008 258943930 27212271
3700747997 3472761445 92981377
4101643138 3565742822 50848378
4152491516 3460829926 11931519
976862296 1378265867 101161044
2319380917 881114839 497151028
3380257222 4058330487 236636809
3656441677 3780709661 44306320
864244280 1845657764 112618016
1176358564 1625613823 115720602
4164423035 3888238580 16188102
3202028846 1839669649 5988115
804927654 2763203434 38625554
4049362817 3616591200 52280321