36297311 0 6725362
2219701249 4240213747 25288799
3578106372 1498215295 38253390
1356053404 1610598521 173674950
446166190 530183876 120299205
813026177 2579337380 225593633
133147960 367690092 61449909
223651565 500781338 29402538
253054103 174578005 193112087
194597869 6725362 29053696
566465395 85143164 1372917
799049686 3045085309 13976491
1529728354 3595799720 487441441
2420467399 2406340018 172679747
2593147146 1784273471 622066547
2244990048 3198005099 143889028
3437740738 4233433470 6780277
43022673 650483081 18483950
2407809136 1485557032 12658263
3215213693 1060498533 222527045
580905107 86516081 88061924
2017169795 1283025578 202531454
3710504883 2579019765 317615
61506623 429140001 71641337
3716287969 769584936 114202886
1328506806 3066097836 27546598
3703468847 3059061800 7036036
769584936 4265502546 29464750
1292525403 883787822 35981403
3710822498 919769225 5465471
3830490855 4083241161 150192309
3616359762 925234696 87109085
2388879076 3093644434 18930060
3529951620 1012343781 48154752
4220837460 1536468685 74129836
3444521015 3112574494 85430605
567838312 35779058 13066795
1038619810 3341894127 253905593
3980683164 2804931013 240154296
0 48845853 36297311